{
  "locationOnLogin": {
    "world": "a2699eeb-83d4-45e5-8d23-608f5722089d",
    "rotx": 0.0,
    "rotz": 0.0,
    "roty": 0.0,
    "x": 3.2171137819010354,
    "y": 24.1180130223882,
    "z": 17.755107566132544
  },
  "lastLogin": 0,
  "lastLogout": 0,
  "firstJoin": 0,
  "startedFirstJoin": false
}
